4.955162761764052734e+11
2.726581090022629700e+11
2.726682900290002136e+11
1.972871869633152161e+11
1.972947075653822327e+11
1.506894314837127380e+11
1.506950594578100586e+11
1.277817479935626221e+11
1.277873744894724731e+11
1.177095303496153870e+11
1.177156359847331848e+11
1.059223443781221313e+11
1.059262764797137451e+11
9.304256016901376343e+10
9.304501244480844116e+10
7.850413391273489380e+10
7.850775203152529907e+10
7.131074337845104980e+10
7.131286483732438660e+10
6.712337964183643341e+10
